22 29 14 20 0
Maximum Iterations Reached

5 0 8 30 1


11 29 2 29 2
Maximum Iterations Reached

26 10 4 17 3


16 20 9 15 4
Maximum Iterations Reached

4 7 3 23 5


12 10 3 6 6
Maximum Iterations Reached

14 25 2 12 7


1 17 8 20 8


17 26 7 4 9
Maximum Iterations Reached

18 16 1 13 10


17 3 15 5 11


28 21 15 19 12
Maximum Iterations Reached

16 29 7 22 13
Maximum Iterations Reached

29 15 13 21 14
Maximum Iterations Reached

26 10 3 28 15
Maximum Iterations Reached

16 15 10 14 16


29 19 5 28 17
Maximum Iterations Reached

18 3 9 21 18
Maximum Iterations Reached

22 17 11 22 19


16 4 5 19 20


30 12 13 20 21
Maximum Iterations Reached

8 26 11 24 22
Maximum Iterations Reached

25 22 5 25 23
Maximum Iterations Reached

28 6 9 12 24
Maximum Iterations Reached

0
311.483
759137
197117
0
177394
402325
110419
9164.67
0
145936
0.243166
0
371307
0
815534
7589.52
489088
306005
23201.2
34725.8
0
0
360571
0

815534
311.483
759137
197117
0
177394
402325
110419
9164.67
0
145936
0.243166
0
371307
0
0
7589.52
489088
306005
23201.2
34725.8
0
0
360571
0

815534
759137
311.483
197117
0
177394
402325
110419
9164.67
0
145936
0.243166
0
371307
0
0
7589.52
489088
306005
23201.2
34725.8
0
0
360571
0

815534
759137
489088
197117
0
177394
402325
110419
9164.67
0
145936
0.243166
0
371307
0
0
7589.52
311.483
306005
23201.2
34725.8
0
0
360571
0

815534
759137
489088
402325
0
177394
197117
110419
9164.67
0
145936
0.243166
0
371307
0
0
7589.52
311.483
306005
23201.2
34725.8
0
0
360571
0

815534
759137
489088
402325
371307
177394
197117
110419
9164.67
0
145936
0.243166
0
0
0
0
7589.52
311.483
306005
23201.2
34725.8
0
0
360571
0

815534
759137
489088
402325
371307
360571
197117
110419
9164.67
0
145936
0.243166
0
0
0
0
7589.52
311.483
306005
23201.2
34725.8
0
0
177394
0

815534
759137
489088
402325
371307
360571
306005
110419
9164.67
0
145936
0.243166
0
0
0
0
7589.52
311.483
197117
23201.2
34725.8
0
0
177394
0

815534
759137
489088
402325
371307
360571
306005
197117
9164.67
0
145936
0.243166
0
0
0
0
7589.52
311.483
110419
23201.2
34725.8
0
0
177394
0

815534
759137
489088
402325
371307
360571
306005
197117
177394
0
145936
0.243166
0
0
0
0
7589.52
311.483
110419
23201.2
34725.8
0
0
9164.67
0

815534
759137
489088
402325
371307
360571
306005
197117
177394
145936
0
0.243166
0
0
0
0
7589.52
311.483
110419
23201.2
34725.8
0
0
9164.67
0

815534
759137
489088
402325
371307
360571
306005
197117
177394
145936
110419
0.243166
0
0
0
0
7589.52
311.483
0
23201.2
34725.8
0
0
9164.67
0

815534
759137
489088
402325
371307
360571
306005
197117
177394
145936
110419
34725.8
0
0
0
0
7589.52
311.483
0
23201.2
0.243166
0
0
9164.67
0

815534
759137
489088
402325
371307
360571
306005
197117
177394
145936
110419
34725.8
23201.2
0
0
0
7589.52
311.483
0
0
0.243166
0
0
9164.67
0

815534
759137
489088
402325
371307
360571
306005
197117
177394
145936
110419
34725.8
23201.2
9164.67
0
0
7589.52
311.483
0
0
0.243166
0
0
0
0

815534
759137
489088
402325
371307
360571
306005
197117
177394
145936
110419
34725.8
23201.2
9164.67
7589.52
0
0
311.483
0
0
0.243166
0
0
0
0

815534
759137
489088
402325
371307
360571
306005
197117
177394
145936
110419
34725.8
23201.2
9164.67
7589.52
311.483
0
0
0
0
0.243166
0
0
0
0

815534
759137
489088
402325
371307
360571
306005
197117
177394
145936
110419
34725.8
23201.2
9164.67
7589.52
311.483
0.243166
0
0
0
0
0
0
0
0

815534
759137
489088
402325
371307
360571
306005
197117
177394
145936
110419
34725.8
23201.2
9164.67
7589.52
311.483
0.243166
0
0
0
0
0
0
0
0

815534
759137
489088
402325
371307
360571
306005
197117
177394
145936
110419
34725.8
23201.2
9164.67
7589.52
311.483
0.243166
0
0
0
0
0
0
0
0

815534
759137
489088
402325
371307
360571
306005
197117
177394
145936
110419
34725.8
23201.2
9164.67
7589.52
311.483
0.243166
0
0
0
0
0
0
0
0

815534
759137
489088
402325
371307
360571
306005
197117
177394
145936
110419
34725.8
23201.2
9164.67
7589.52
311.483
0.243166
0
0
0
0
0
0
0
0

815534
759137
489088
402325
371307
360571
306005
197117
177394
145936
110419
34725.8
23201.2
9164.67
7589.52
311.483
0.243166
0
0
0
0
0
0
0
0

815534
759137
489088
402325
371307
360571
306005
197117
177394
145936
110419
34725.8
23201.2
9164.67
7589.52
311.483
0.243166
0
0
0
0
0
0
0
0

815534
759137
489088
402325
371307
360571
306005
197117
177394
145936
110419
34725.8
23201.2
9164.67
7589.52
311.483
0.243166
0
0
0
0
0
0
0
0
Rocket: 26 10 3 28 0
Similar Mates: 2
11 29 2 29 1
29 19 5 28 2

Rocket: 11 29 2 29 1
Similar Mates: 1
29 19 5 28 2

Rocket: 29 19 5 28 2
Similar Mates: 2
16 29 7 22 4
25 22 5 25 5

Rocket: 12 10 3 6 3
Similar Mates: 0

Rocket: 16 29 7 22 4
Similar Mates: 0

Rocket: 25 22 5 25 5
Similar Mates: 0

Rocket: 18 3 9 21 6
Similar Mates: 0

Rocket: 26 10 4 17 7
Similar Mates: 0

Rocket: 4 7 3 23 8
Similar Mates: 0

Rocket: 18 16 1 13 9
Similar Mates: 0

Rocket: 14 25 2 12 10
Similar Mates: 0

Rocket: 16 4 5 19 11
Similar Mates: 0

Rocket: 22 17 11 22 12
Similar Mates: 0

Rocket: 1 17 8 20 13
Similar Mates: 0

Rocket: 16 15 10 14 14
Similar Mates: 0

Rocket: 5 0 8 30 15
Similar Mates: 0

Rocket: 17 3 15 5 16
Similar Mates: 0

Rocket: 22 29 14 20 17
Similar Mates: 0

Rocket: 17 26 7 4 18
Similar Mates: 0

Rocket: 28 21 15 19 19
Similar Mates: 0

Rocket: 29 15 13 21 20
Similar Mates: 0

Rocket: 30 12 13 20 21
Similar Mates: 0

Rocket: 8 26 11 24 22
Similar Mates: 0

Rocket: 16 20 9 15 23
Similar Mates: 0

Rocket: 28 6 9 12 24
Similar Mates: 0

1
1
1
1
1
1
1
1
1
1
1
1
1
1
1
1
1
1
1
1
1
1
1
1
1
